PHASE,6,Startup
MESSAGE,2643,Accel Name,LSM303
MESSAGE,2676,Accel Version,1
MESSAGE,2707,Accel Id,30301
MESSAGE,2737,Accel Max Value (rad/s),0.00
MESSAGE,2782,Accel Min Value (rad/s),0.00
MESSAGE,2827,Accel Resolution (rad/s),0.00
MESSAGE,2890,Mag Name,LSM303
MESSAGE,2921,Mag Version,1
MESSAGE,2951,Mag Id,30302
MESSAGE,2979,Mag Max Value (rad/s),0.00
MESSAGE,3021,Mag Min Value (rad/s),0.00
MESSAGE,3064,Mag Resolution (rad/s),0.00
MESSAGE,3108,Gyro Name,L3GD20
MESSAGE,3141,Gyro Version,1
MESSAGE,3171,Gyro Id,20
MESSAGE,3197,Gyro Max Value (rad/s),4.36
MESSAGE,3241,Gyro Min Value (rad/s),-4.36
MESSAGE,3285,Gyro Resolution (rad/s),0.00
PHASE,3334,Waiting For Launch
GYRO,3366,-0.51,-0.12,-1.03
MAG,3405,228.26,51.30,-1998.05
ACCEL,3441,-7.61,-5.69,7.18
GYRO,3470,-0.67,0.14,-2.01
MAG,3498,220.00,83.04,-1998.05
ACCEL,3534,-5.61,-3.30,1.06
GYRO,3563,-0.64,-0.35,-1.16
MAG,3592,44.35,28.70,-27.32
ACCEL,3624,-7.14,-7.41,3.88
GYRO,3654,0.29,-0.41,-1.33
MAG,3682,43.91,32.61,-27.32
ACCEL,3714,-6.24,-6.79,0.75
GYRO,3743,-0.00,-0.22,-0.77
MAG,3772,41.74,39.57,-27.80
ACCEL,3810,-5.26,-7.81,3.61
GPS,3838,23,59,46,0,0,0,0,0,0.00,0.00,0.00,0.00,0.00,0
GYRO,3897,0.20,0.48,-0.86
MAG,3924,41.74,43.04,-25.37
ACCEL,3957,-4.24,-8.32,3.02
GPS,3985,23,59,46,0,0,0,0,0,0.00,0.00,0.00,0.00,0.00,0
GYRO,4044,0.21,-0.14,-0.67
MAG,4073,39.57,48.70,-23.90
ACCEL,4105,-3.37,-8.39,4.55
GPS,4133,23,59,46,0,0,0,0,0,0.00,0.00,0.00,0.00,0.00,0
GYRO,4192,0.15,0.15,-0.69
MAG,4220,36.09,53.04,-22.44
ACCEL,4252,0.35,-6.39,4.20
GPS,4279,23,59,46,0,0,0,0,0,0.00,0.00,0.00,0.00,0.00,0
GYRO,4344,-0.63,-0.72,-0.55
MAG,4373,31.74,55.65,-19.51
ACCEL,4405,-2.16,-9.57,2.28
GPS,4433,23,59,46,0,0,0,0,0,0.00,0.00,0.00,0.00,0.00,0
GYRO,4493,-0.01,-0.04,-0.27
MAG,4522,29.13,58.70,-17.56
ACCEL,4554,-1.33,-9.10,1.80
GPS,4583,23,59,46,0,0,0,0,0,0.00,0.00,0.00,0.00,0.00,0
GYRO,4642,-0.15,0.12,-0.23
MAG,4670,26.52,59.57,-13.66
ACCEL,4703,-1.33,-10.20,1.29
GYRO,4733,-0.34,0.06,0.16
MAG,4760,26.52,58.26,-11.71
ACCEL,4792,-1.49,-9.73,1.77
GPS,4820,23,59,47,0,0,0,0,0,0.00,0.00,0.00,0.00,0.00,0
GYRO,4885,-0.23,0.05,0.01
MAG,4912,28.70,56.96,-8.78
ACCEL,4944,-2.04,-9.89,1.18
GPS,4972,23,59,47,0,0,0,0,0,0.00,0.00,0.00,0.00,0.00,0
GYRO,5031,0.17,-0.25,-0.24
MAG,5059,28.70,58.70,-7.80
ACCEL,5091,-1.18,-9.53,1.22
GPS,5119,23,59,47,0,0,0,0,0,0.00,0.00,0.00,0.00,0.00,0
GYRO,5178,0.01,-0.03,-0.01
MAG,5206,27.39,58.70,-9.76
ACCEL,5238,-0.90,-9.65,1.14
GPS,5266,23,59,47,0,0,0,0,0,0.00,0.00,0.00,0.00,0.00,0
GYRO,5325,0.02,-0.16,-0.20
MAG,5353,26.96,58.26,-9.27
ACCEL,5385,-0.82,-9.77,0.90
GPS,5417,23,59,47,0,0,0,0,0,0.00,0.00,0.00,0.00,0.00,0
GYRO,5476,-0.17,0.01,-0.09
MAG,5504,26.96,59.13,-8.29
ACCEL,5536,-2.20,-9.30,0.55
GPS,5564,23,59,47,0,0,0,0,0,0.00,0.00,0.00,0.00,0.00,0
GYRO,5623,0.11,0.02,-0.24
MAG,5650,27.39,57.83,-8.29
ACCEL,5682,-0.94,-9.61,1.10
GYRO,5711,-0.11,0.09,-0.25
MAG,5739,26.52,59.57,-7.80
ACCEL,5770,-0.86,-9.73,0.24
GPS,5798,23,59,48,0,0,0,0,0,0.00,0.00,0.00,0.00,0.00,0
GYRO,5858,-0.11,0.02,0.07
MAG,5885,24.78,58.70,-3.41
ACCEL,5916,-0.31,-10.00,-0.67
GYRO,5953,-0.60,-0.14,-0.12
MAG,5982,23.91,59.13,-2.44
ACCEL,6013,-0.12,-10.24,0.43
GPS,6042,23,59,48,0,0,0,0,0,0.00,0.00,0.00,0.00,0.00,0
GYRO,6102,-0.12,-0.14,0.01
MAG,6130,25.22,56.96,-1.46
ACCEL,6161,-1.45,-9.69,0.04
GPS,6189,23,59,48,0,0,0,0,0,0.00,0.00,0.00,0.00,0.00,0
GYRO,6249,-0.10,-0.19,0.03
MAG,6277,24.35,55.22,-3.41
ACCEL,6308,-0.63,-9.34,0.12
GPS,6336,23,59,48,0,0,0,0,0,0.00,0.00,0.00,0.00,0.00,0
GYRO,6396,-0.20,-0.09,-0.00
MAG,6425,24.35,55.22,-2.93
ACCEL,6456,0.24,-8.63,-0.12
GPS,6489,23,59,48,0,0,0,0,0,0.00,0.00,0.00,0.00,0.00,0
GYRO,6548,0.12,-0.18,-0.05
MAG,6576,24.35,55.65,-2.93
ACCEL,6607,-0.43,-9.41,-0.82
GPS,6637,23,59,48,0,0,0,0,0,0.00,0.00,0.00,0.00,0.00,0
GYRO,6696,0.21,-0.09,-0.03
MAG,6724,25.65,55.22,-3.90
ACCEL,6756,-0.67,-9.81,-0.59
GYRO,6786,0.26,-0.12,-0.04
MAG,6814,26.09,55.22,-5.85
ACCEL,6845,-0.27,-9.69,-0.43
GPS,6874,23,59,49,0,0,0,0,0,0.00,0.00,0.00,0.00,0.00,0
GYRO,6934,0.05,-0.06,-0.07
MAG,6962,25.65,55.65,-5.85
ACCEL,6993,-0.55,-9.61,0.04
GYRO,7027,0.12,-0.24,-0.20
MAG,7056,25.22,56.52,-6.34
ACCEL,7087,-0.35,-9.85,-0.63
GPS,7116,23,59,49,0,0,0,0,0,0.00,0.00,0.00,0.00,0.00,0
GYRO,7176,0.04,0.01,0.06
MAG,7202,25.65,56.52,-5.85
ACCEL,7233,-0.24,-9.49,-0.08
GPS,7262,23,59,49,0,0,0,0,0,0.00,0.00,0.00,0.00,0.00,0
GYRO,7321,0.10,0.01,0.06
MAG,7348,26.09,56.96,-6.34
ACCEL,7379,-0.67,-9.77,-0.27
GPS,7408,23,59,49,0,0,0,0,0,0.00,0.00,0.00,0.00,0.00,0
GYRO,7467,0.06,-0.07,0.01
MAG,7495,26.09,56.09,-5.85
ACCEL,7526,-0.47,-9.57,-0.20
GPS,7559,23,59,49,0,0,0,0,0,0.00,0.00,0.00,0.00,0.00,0
GYRO,7618,0.00,-0.07,-0.08
MAG,7647,26.09,56.09,-5.37
ACCEL,7678,-0.35,-9.65,-0.27
GYRO,7708,-0.01,-0.02,-0.05
MAG,7737,26.09,56.09,-4.88
ACCEL,7769,-0.63,-9.57,-0.20
GPS,7798,23,59,50,0,0,0,0,0,0.00,0.00,0.00,0.00,0.00,0
GYRO,7857,0.06,-0.03,0.02
MAG,7884,26.09,56.52,-5.37
ACCEL,7916,-0.39,-9.61,-0.20
GYRO,7946,0.05,-0.01,-0.03
MAG,7974,25.65,56.96,-5.37
ACCEL,8005,-0.59,-9.49,0.00
GPS,8033,23,59,50,0,0,0,0,0,0.00,0.00,0.00,0.00,0.00,0
GYRO,8098,0.07,-0.06,-0.01
MAG,8127,26.09,57.39,-5.37
ACCEL,8158,-0.39,-9.81,-0.08
GPS,8187,23,59,50,0,0,0,0,0,0.00,0.00,0.00,0.00,0.00,0
GYRO,8246,0.05,-0.06,0.02
MAG,8273,26.09,56.52,-5.85
ACCEL,8305,-0.51,-9.73,0.00
GPS,8333,23,59,50,0,0,0,0,0,0.00,0.00,0.00,0.00,0.00,0
GYRO,8392,0.02,-0.09,-0.03
MAG,8420,26.09,56.09,-6.34
ACCEL,8452,-0.31,-9.61,-0.04
GPS,8481,23,59,50,0,0,0,0,0,0.00,0.00,0.00,0.00,0.00,0
GYRO,8540,0.09,-0.14,-0.06
MAG,8569,26.09,55.65,-5.37
ACCEL,8600,-0.16,-9.77,-0.24
GPS,8633,23,59,50,0,0,0,0,0,0.00,0.00,0.00,0.00,0.00,0
GYRO,8693,0.04,-0.05,-0.05
MAG,8721,26.52,57.39,-5.85
ACCEL,8752,-0.31,-9.41,0.12
GYRO,8781,0.22,-0.15,-0.03
MAG,8809,26.96,55.65,-6.34
ACCEL,8841,-0.24,-9.85,-0.12
GPS,8870,23,59,51,0,0,0,0,0,0.00,0.00,0.00,0.00,0.00,0
GYRO,8929,0.02,-0.08,-0.02
MAG,8957,28.26,56.09,-7.80
ACCEL,8989,-0.51,-9.69,0.04
GPS,9017,23,59,51,0,0,0,0,0,0.00,0.00,0.00,0.00,0.00,0
GYRO,9076,0.06,-0.09,-0.02
MAG,9104,28.70,54.78,-6.83
ACCEL,9136,-0.20,-9.57,0.16
GPS,9168,23,59,51,0,0,0,0,0,0.00,0.00,0.00,0.00,0.00,0
GYRO,9227,0.09,-0.10,-0.02
MAG,9255,28.26,54.78,-7.80
ACCEL,9287,-0.27,-9.73,0.08
GPS,9315,23,59,51,0,0,0,0,0,0.00,0.00,0.00,0.00,0.00,0
GYRO,9374,-0.01,-0.08,0.01
MAG,9402,28.26,54.78,-7.32
ACCEL,9434,-0.20,-9.65,0.16
GPS,9462,23,59,51,0,0,0,0,0,0.00,0.00,0.00,0.00,0.00,0
GYRO,9521,0.05,-0.08,0.00
MAG,9548,28.26,54.35,-7.80
ACCEL,9580,-0.43,-9.61,0.12
GPS,9608,23,59,51,0,0,0,0,0,0.00,0.00,0.00,0.00,0.00,0
GYRO,9667,0.04,-0.06,-0.01
MAG,9695,27.83,54.78,-8.78
ACCEL,9732,-0.51,-9.57,0.00
GYRO,9761,0.05,-0.08,-0.03
MAG,9789,27.83,54.78,-8.78
ACCEL,9820,-0.43,-9.69,-0.08
GPS,9849,23,59,52,0,0,0,0,0,0.00,0.00,0.00,0.00,0.00,0
GYRO,9909,0.05,-0.07,-0.02
MAG,9937,27.39,53.91,-7.80
ACCEL,9968,-0.43,-9.73,-0.08
GPS,9997,23,59,52,0,0,0,0,0,0.00,0.00,0.00,0.00,0.00,0
GYRO,10057,0.03,-0.04,-0.09
MAG,10086,28.26,56.09,-7.80
ACCEL,10118,-1.33,-9.69,0.59
GPS,10148,23,59,52,0,0,0,0,0,0.00,0.00,0.00,0.00,0.00,0
GYRO,10208,0.16,-0.09,0.07
MAG,10242,29.13,52.61,-9.27
ACCEL,10274,-0.75,-9.57,0.31
GPS,10303,23,59,52,0,0,0,0,0,0.00,0.00,0.00,0.00,0.00,0
GYRO,10364,0.06,-0.07,-0.04
MAG,10393,28.70,53.91,-9.76
ACCEL,10425,-0.59,-9.65,0.27
GPS,10454,23,59,52,0,0,0,0,0,0.00,0.00,0.00,0.00,0.00,0
GYRO,10515,0.05,-0.13,-0.02
MAG,10544,28.70,53.04,-9.76
ACCEL,10576,-0.35,-9.57,0.16
GPS,10606,23,59,52,0,0,0,0,0,0.00,0.00,0.00,0.00,0.00,0
GYRO,10666,-0.01,-0.06,-0.04
MAG,10696,28.26,53.91,-8.78
ACCEL,10729,-0.67,-9.65,0.35
GYRO,10759,0.03,-0.07,-0.01
MAG,10794,27.83,54.78,-9.27
ACCEL,10826,-0.55,-9.61,0.35
GPS,10855,23,59,53,0,0,0,0,0,0.00,0.00,0.00,0.00,0.00,0
GYRO,10916,0.12,-0.17,-0.11
MAG,10945,30.00,53.48,-10.73
ACCEL,10978,-0.55,-10.16,1.06
GPS,11008,23,59,53,0,0,0,0,0,0.00,0.00,0.00,0.00,0.00,0
GYRO,11069,-0.02,-0.08,0.01
MAG,11098,30.00,58.26,-8.78
ACCEL,11130,-0.51,-9.53,0.43
GPS,11160,23,59,53,0,0,0,0,0,0.00,0.00,0.00,0.00,0.00,0
GYRO,11220,0.21,0.01,0.09
MAG,11247,30.00,57.83,-8.78
ACCEL,11279,0.43,-9.61,0.20
GPS,11308,23,59,53,0,0,0,0,0,0.00,0.00,0.00,0.00,0.00,0
GYRO,11374,-0.03,-0.36,-0.23
MAG,11404,28.70,62.61,-7.32
ACCEL,11436,0.31,-9.34,1.45
GPS,11464,23,59,53,0,0,0,0,0,0.00,0.00,0.00,0.00,0.00,0
GYRO,11525,0.17,0.02,-0.36
MAG,11553,30.00,65.65,-5.37
ACCEL,11585,0.75,-9.34,-1.61
GPS,11614,23,59,53,0,0,0,0,0,0.00,0.00,0.00,0.00,0.00,0
GYRO,11675,-0.47,-0.28,-0.23
MAG,11705,28.26,68.70,-1.95
ACCEL,11737,0.43,-9.22,0.20
GYRO,11767,-0.14,-0.21,0.35
MAG,11796,26.09,66.09,-3.90
ACCEL,11828,1.06,-9.73,-0.24
GPS,11862,23,59,54,0,0,0,0,0,0.00,0.00,0.00,0.00,0.00,0
GYRO,11922,-0.22,0.13,-0.02
MAG,11951,27.83,64.35,-5.37
ACCEL,11984,-0.12,-10.51,-0.12
GPS,12015,23,59,54,0,0,0,0,0,0.00,0.00,0.00,0.00,0.00,0
GYRO,12075,0.17,-0.05,-0.19
MAG,12105,26.09,65.65,-3.90
ACCEL,12137,0.43,-10.67,-0.59
GPS,12167,23,59,54,0,0,0,0,0,0.00,0.00,0.00,0.00,0.00,0
GYRO,12228,0.26,-0.40,0.22
MAG,12256,21.30,67.83,-3.90
ACCEL,12288,0.43,-10.04,-0.39
GPS,12318,23,59,54,0,0,0,0,0,0.00,0.00,0.00,0.00,0.00,0
GYRO,12379,-0.20,0.16,-0.41
MAG,12414,13.04,71.74,-5.37
ACCEL,12446,1.06,-9.85,0.04
GPS,12474,23,59,54,0,0,0,0,0,0.00,0.00,0.00,0.00,0.00,0
GYRO,12535,0.02,-0.06,-0.21
MAG,12564,8.70,72.61,-7.32
ACCEL,12595,0.43,-9.69,-0.27
GPS,12624,23,59,54,0,0,0,0,0,0.00,0.00,0.00,0.00,0.00,0
GYRO,12685,-0.00,-0.11,-0.19
MAG,12715,3.04,75.65,-9.27
ACCEL,12746,1.26,-9.49,-0.78
GYRO,12776,-0.14,-0.08,-0.13
MAG,12807,-0.87,75.65,-10.24
ACCEL,12840,1.53,-9.34,-0.12
GPS,12869,23,59,55,0,0,0,0,0,0.00,0.00,0.00,0.00,0.00,0
GYRO,12930,-0.07,-0.10,-0.19
MAG,12965,-3.04,74.78,-9.76
ACCEL,12998,1.84,-9.34,-0.04
GPS,13027,23,59,55,0,0,0,0,0,0.00,0.00,0.00,0.00,0.00,0
GYRO,13087,0.24,-0.01,-0.22
MAG,13117,-3.48,72.61,-9.76
ACCEL,13149,1.10,-10.36,-1.10
GPS,13179,23,59,55,0,0,0,0,0,0.00,0.00,0.00,0.00,0.00,0
GYRO,13240,0.13,0.03,-0.13
MAG,13268,-5.65,69.13,-11.71
ACCEL,13301,-0.59,-10.20,0.20
GPS,13331,23,59,55,0,0,0,0,0,0.00,0.00,0.00,0.00,0.00,0
GYRO,13392,0.10,-0.13,0.11
MAG,13420,-5.22,67.83,-14.15
ACCEL,13453,0.98,-7.92,0.04
GPS,13486,23,59,55,0,0,0,0,0,0.00,0.00,0.00,0.00,0.00,0
GYRO,13546,0.07,-0.19,0.16
MAG,13574,-6.52,69.13,-12.68
ACCEL,13608,1.45,-8.75,0.63
GPS,13636,23,59,55,0,0,0,0,0,0.00,0.00,0.00,0.00,0.00,0
GYRO,13696,0.10,-0.11,-0.15
MAG,13725,-6.09,67.39,-11.71
ACCEL,13759,1.26,-9.14,-0.16
GYRO,13789,-0.40,0.14,-0.77
MAG,13818,-8.26,68.26,-9.76
ACCEL,13851,0.55,-9.38,0.16
GPS,13879,23,59,56,0,0,0,0,0,0.00,0.00,0.00,0.00,0.00,0
GYRO,13939,0.05,0.43,0.48
MAG,13966,-9.13,69.13,-6.83
ACCEL,13999,2.16,-10.04,-1.33
GYRO,14035,0.17,0.04,0.27
MAG,14062,-7.39,70.43,-7.80
ACCEL,14094,1.29,-10.36,-0.59
GPS,14125,23,59,56,0,0,0,0,0,0.00,0.00,0.00,0.00,0.00,0
GYRO,14185,0.13,-0.25,0.99
MAG,14213,-2.61,70.87,-7.80
ACCEL,14246,0.43,-9.77,-0.35
GPS,14275,23,59,56,0,0,0,0,0,0.00,0.00,0.00,0.00,0.00,0
GYRO,14335,0.24,-0.26,0.10
MAG,14363,0.00,0.00,0.00
ACCEL,14392,-0.04,-8.71,0.78
GPS,14422,23,59,56,0,0,0,0,0,0.00,0.00,0.00,0.00,0.00,0
GYRO,14482,0.07,-0.01,-0.23
MAG,14511,3.48,73.04,-6.34
ACCEL,14543,-1.14,-9.73,1.37
GPS,14576,23,59,56,0,0,0,0,0,0.00,0.00,0.00,0.00,0.00,0
GYRO,14636,-0.07,-0.15,0.15
MAG,14666,5.65,74.35,-4.88
ACCEL,14697,0.63,-9.69,-0.24
GYRO,14727,0.09,-0.26,-0.04
MAG,14756,6.09,74.35,-2.93
ACCEL,14788,-0.20,-10.20,0.12
GPS,14818,23,59,57,0,0,0,0,0,0.00,0.00,0.00,0.00,0.00,0
GYRO,14878,-0.30,-0.05,0.15
MAG,14907,8.70,75.65,-0.49
ACCEL,14939,-0.35,-9.45,-1.96
GPS,14969,23,59,57,0,0,0,0,0,0.00,0.00,0.00,0.00,0.00,0
GYRO,15029,-0.10,-0.02,0.40
MAG,15059,13.04,70.87,-0.49
ACCEL,15096,-0.47,-10.20,-0.94
GPS,15127,23,59,57,0,0,0,0,0,0.00,0.00,0.00,0.00,0.00,0
GYRO,15188,0.09,-0.10,-0.09
MAG,15217,13.04,67.83,-1.95
ACCEL,15249,-1.02,-10.12,-1.02
GPS,15280,23,59,57,0,0,0,0,0,0.00,0.00,0.00,0.00,0.00,0
GYRO,15341,-0.15,-0.48,0.09
MAG,15370,12.61,64.78,-2.93
ACCEL,15402,-0.12,-9.49,-1.14
GPS,15433,23,59,57,0,0,0,0,0,0.00,0.00,0.00,0.00,0.00,0
GYRO,15493,0.16,-0.29,0.21
MAG,15521,11.74,63.04,-6.34
ACCEL,15554,0.04,-10.12,1.92
GPS,15583,23,59,57,0,0,0,0,0,0.00,0.00,0.00,0.00,0.00,0
GYRO,15649,0.47,0.16,-0.42
MAG,15677,12.61,66.52,-7.80
ACCEL,15709,-1.69,-8.16,-0.59
GYRO,15741,0.17,0.08,-0.25
MAG,15769,14.78,73.04,-5.85
ACCEL,15801,-1.61,-10.24,-0.04
GPS,15832,23,59,58,0,0,0,0,0,0.00,0.00,0.00,0.00,0.00,0
GYRO,15893,0.27,0.14,-0.10
MAG,15921,19.13,72.17,-5.85
ACCEL,15953,-0.90,-9.38,0.51
GPS,15982,23,59,58,0,0,0,0,0,0.00,0.00,0.00,0.00,0.00,0
GYRO,16043,-0.15,0.11,-0.18
MAG,16072,16.96,72.61,-1.46
ACCEL,16104,-1.22,-9.89,3.30
GPS,16134,23,59,58,0,0,0,0,0,0.00,0.00,0.00,0.00,0.00,0
GYRO,16200,-0.01,0.13,-0.00
MAG,16229,16.52,71.30,0.00
ACCEL,16260,0.27,-9.77,0.39
GPS,16288,23,59,58,0,0,0,0,0,0.00,0.00,0.00,0.00,0.00,0
GYRO,16349,-0.04,-0.01,-0.03
MAG,16379,23.91,67.39,0.00
ACCEL,16410,-0.16,-9.96,0.39
GPS,16439,23,59,58,0,0,0,0,0,0.00,0.00,0.00,0.00,0.00,0
GYRO,16500,-0.03,-0.34,-0.27
MAG,16530,39.13,61.30,-6.34
ACCEL,16562,-0.63,-10.36,0.39
GPS,16593,23,59,58,0,0,0,0,0,0.00,0.00,0.00,0.00,0.00,0
GYRO,16653,0.02,0.06,0.01
MAG,16680,41.30,63.04,-4.88
ACCEL,16718,-0.47,-9.73,0.51
GYRO,16748,0.08,0.06,0.06
MAG,16775,43.04,63.91,-4.39
ACCEL,16807,-0.20,-9.96,0.27
GPS,16836,23,59,59,0,0,0,0,0,0.00,0.00,0.00,0.00,0.00,0
GYRO,16897,0.01,-0.06,-0.01
MAG,16926,46.52,60.87,-11.22
ACCEL,16959,-0.31,-9.57,0.16
GPS,16989,23,59,59,0,0,0,0,0,0.00,0.00,0.00,0.00,0.00,0
GYRO,17049,0.10,-0.02,0.14
MAG,17077,44.78,60.87,-14.63
ACCEL,17111,-0.16,-9.81,0.31
GPS,17140,23,59,59,0,0,0,0,0,0.00,0.00,0.00,0.00,0.00,0
GYRO,17200,0.09,-0.12,-0.03
MAG,17229,46.52,59.57,-16.59
ACCEL,17268,-0.12,-9.45,0.24
GPS,17297,23,59,59,0,0,0,0,0,0.00,0.00,0.00,0.00,0.00,0
GYRO,17357,-0.03,0.15,-0.01
MAG,17387,43.04,62.17,-8.78
ACCEL,17419,-0.98,-10.00,0.47
GPS,17449,23,59,59,0,0,0,0,0,0.00,0.00,0.00,0.00,0.00,0
GYRO,17510,0.07,-0.15,-0.19
MAG,17539,41.30,63.48,-7.32
ACCEL,17571,-1.14,-9.73,0.43
GPS,17600,23,59,59,0,0,0,0,0,0.00,0.00,0.00,0.00,0.00,0
GYRO,17661,0.14,-0.05,0.14
MAG,17689,39.13,63.91,-8.29
ACCEL,17721,-0.39,-9.41,0.39
GYRO,17752,0.03,-0.23,0.04
MAG,17785,41.74,61.30,-14.63
ACCEL,17819,-0.75,-10.00,0.20
GPS,17849,0,0,0,0,0,0,0,0,0.00,0.00,0.00,0.00,0.00,0
GYRO,17906,0.06,-0.24,-0.09
MAG,17935,43.91,60.43,-17.56
ACCEL,17969,-0.43,-9.34,0.27
GPS,17998,0,0,0,0,0,0,0,0,0.00,0.00,0.00,0.00,0.00,0
GYRO,18055,0.01,0.08,0.03
MAG,18082,44.35,60.00,-17.56
ACCEL,18116,-0.47,-9.69,0.43
GPS,18145,0,0,0,0,0,0,0,0,0.00,0.00,0.00,0.00,0.00,0
GYRO,18202,0.10,-0.09,0.01
MAG,18230,45.65,61.30,-17.56
ACCEL,18264,-1.18,-9.89,0.63
GPS,18293,0,0,0,0,0,0,0,0,0.00,0.00,0.00,0.00,0.00,0
GYRO,18356,0.08,-0.10,0.02
MAG,18384,47.83,61.30,-18.54
ACCEL,18417,-0.47,-9.69,0.27
GPS,18446,0,0,0,0,0,0,0,0,0.00,0.00,0.00,0.00,0.00,0
GYRO,18504,0.04,-0.05,-0.03
MAG,18533,48.26,61.30,-18.54
ACCEL,18566,-0.51,-9.65,0.67
GPS,18595,0,0,0,0,0,0,0,0,0.00,0.00,0.00,0.00,0.00,0
GYRO,18653,0.06,-0.12,-0.04
MAG,18682,48.70,61.74,-18.05
ACCEL,18715,-0.63,-9.61,0.47
GYRO,18746,0.07,-0.10,0.03
MAG,18774,48.26,61.30,-18.54
ACCEL,18807,-0.67,-9.81,0.31
GPS,18836,0,0,1,0,0,0,0,0,0.00,0.00,0.00,0.00,0.00,0
GYRO,18898,0.07,-0.08,-0.04
MAG,18928,48.70,62.17,-20.00
ACCEL,18961,-0.63,-9.73,0.59
GPS,18990,0,0,1,0,0,0,0,0,0.00,0.00,0.00,0.00,0.00,0
GYRO,19047,0.05,-0.10,-0.03
MAG,19077,48.70,61.30,-18.54
ACCEL,19110,-0.51,-9.65,0.55
GPS,19139,0,0,1,0,0,0,0,0,0.00,0.00,0.00,0.00,0.00,0
GYRO,19196,0.05,-0.09,-0.02
MAG,19226,48.70,62.17,-20.00
ACCEL,19259,-0.59,-9.73,0.35
GPS,19288,0,0,1,0,0,0,0,0,0.00,0.00,0.00,0.00,0.00,0
GYRO,19346,0.07,-0.09,-0.03
MAG,19375,49.13,61.30,-19.51
ACCEL,19412,-0.51,-9.57,0.55
GPS,19441,0,0,1,0,0,0,0,0,0.00,0.00,0.00,0.00,0.00,0
GYRO,19498,0.05,-0.07,-0.02
MAG,19527,49.57,62.17,-19.51
ACCEL,19561,-0.59,-9.57,0.43
GPS,19590,0,0,1,0,0,0,0,0,0.00,0.00,0.00,0.00,0.00,0
GYRO,19647,0.06,-0.07,-0.01
MAG,19676,49.13,61.74,-20.00
ACCEL,19710,-0.43,-9.53,0.55
GYRO,19740,0.09,-0.01,-0.02
MAG,19769,49.13,62.17,-20.49
ACCEL,19803,-0.47,-10.98,0.24
GPS,19833,0,0,2,0,0,0,0,0,0.00,0.00,0.00,0.00,0.00,0
GYRO,19890,0.06,0.59,0.81
MAG,19917,32.17,62.17,-10.24
ACCEL,19954,0.98,-4.08,-0.16
GPS,19983,0,0,2,0,0,0,0,0,0.00,0.00,0.00,0.00,0.00,0
GYRO,20041,-0.36,-0.41,-0.56
MAG,20071,7.39,67.39,-5.85
ACCEL,20102,-1.22,-7.92,0.35
GPS,20131,0,0,2,0,0,0,0,0,0.00,0.00,0.00,0.00,0.00,0
GYRO,20189,0.31,-0.07,0.09
MAG,20217,8.70,66.09,-6.34
ACCEL,20248,-0.98,-10.28,0.71
GPS,20278,0,0,2,0,0,0,0,0,0.00,0.00,0.00,0.00,0.00,0
GYRO,20336,0.08,-0.06,-0.01
MAG,20365,8.70,66.52,-7.32
ACCEL,20396,-0.35,-9.89,0.39
GPS,20425,0,0,2,0,0,0,0,0,0.00,0.00,0.00,0.00,0.00,0
GYRO,20487,0.11,-0.11,0.03
MAG,20515,8.26,66.96,-8.29
ACCEL,20546,0.00,-9.45,0.27
GPS,20574,0,0,2,0,0,0,0,0,0.00,0.00,0.00,0.00,0.00,0
GYRO,20632,0.04,-0.15,-0.05
MAG,20661,8.70,66.09,-8.29
ACCEL,20692,-0.12,-9.53,0.67
GYRO,20722,0.09,-0.06,-0.09
MAG,20751,7.83,66.09,-8.29
ACCEL,20783,-0.04,-9.61,0.31
GPS,20812,0,0,3,0,0,0,0,0,0.00,0.00,0.00,0.00,0.00,0
GYRO,20869,0.02,-0.11,-0.04
MAG,20898,7.39,67.39,-8.78
ACCEL,20930,0.08,-9.85,0.55
GPS,20958,0,0,3,0,0,0,0,0,0.00,0.00,0.00,0.00,0.00,0
GYRO,21019,0.09,-0.10,-0.04
MAG,21048,7.39,67.39,-8.29
ACCEL,21080,-0.16,-9.53,0.43
GPS,21109,0,0,3,0,0,0,0,0,0.00,0.00,0.00,0.00,0.00,0
GYRO,21166,0.03,-0.10,-0.04
MAG,21195,7.39,67.83,-9.27
ACCEL,21227,-0.24,-9.73,0.75
GPS,21256,0,0,3,0,0,0,0,0,0.00,0.00,0.00,0.00,0.00,0
GYRO,21313,0.08,-0.10,-0.01
MAG,21342,7.39,66.52,-8.78
ACCEL,21374,-0.04,-9.65,0.51
GPS,21403,0,0,3,0,0,0,0,0,0.00,0.00,0.00,0.00,0.00,0
GYRO,21460,0.08,-0.11,-0.01
MAG,21489,7.39,66.52,-8.78
ACCEL,21521,-0.12,-9.65,0.59
GPS,21552,0,0,3,0,0,0,0,0,0.00,0.00,0.00,0.00,0.00,0
GYRO,21610,0.06,-0.08,0.00
MAG,21638,6.96,67.39,-9.76
ACCEL,21669,-0.08,-9.45,0.55
GYRO,21699,0.05,-0.05,-0.02
MAG,21729,7.83,66.96,-9.76
ACCEL,21760,-0.08,-9.65,0.75
GPS,21789,0,0,4,0,0,0,0,0,0.00,0.00,0.00,0.00,0.00,0
GYRO,21846,0.02,-0.09,-0.01
MAG,21876,7.39,67.83,-10.24
ACCEL,21908,-0.24,-9.65,0.78
GYRO,21938,0.06,-0.09,-0.00
MAG,21967,7.83,66.96,-9.27
ACCEL,21999,-0.31,-9.81,0.67
GPS,22028,0,0,4,0,0,0,0,0,0.00,0.00,0.00,0.00,0.00,0
GYRO,22089,-0.01,0.05,-0.03
MAG,22118,7.39,67.39,-9.76
ACCEL,22150,-0.35,-9.77,1.02
GPS,22179,0,0,4,0,0,0,0,0,0.00,0.00,0.00,0.00,0.00,0
GYRO,22236,0.06,-0.09,-0.01
MAG,22265,7.39,66.96,-10.24
ACCEL,22298,-0.24,-9.61,0.82
GPS,22327,0,0,4,0,0,0,0,0,0.00,0.00,0.00,0.00,0.00,0
GYRO,22384,0.02,-0.05,0.00
MAG,22412,7.83,67.83,-9.76
ACCEL,22444,-0.27,-9.73,0.86
GPS,22473,0,0,4,0,0,0,0,0,0.00,0.00,0.00,0.00,0.00,0
GYRO,22530,0.06,-0.12,-0.04
MAG,22559,7.39,66.96,-9.27
ACCEL,22591,-0.39,-9.65,0.90
GPS,22620,0,0,4,0,0,0,0,0,0.00,0.00,0.00,0.00,0.00,0
GYRO,22681,0.04,-0.05,-0.00
MAG,22710,8.26,67.39,-9.76
ACCEL,22741,-0.20,-9.61,0.75
GYRO,22772,0.02,-0.05,-0.05
MAG,22801,7.83,67.39,-8.78
ACCEL,22832,-0.31,-9.89,0.82
GPS,22861,0,0,5,0,0,0,0,0,0.00,0.00,0.00,0.00,0.00,0
GYRO,22919,0.06,-0.10,-0.00
MAG,22948,7.83,67.39,-8.78
ACCEL,22979,-0.27,-9.61,0.55
GPS,23008,0,0,5,0,0,0,0,0,0.00,0.00,0.00,0.00,0.00,0
GYRO,23066,0.06,-0.08,-0.03
MAG,23095,7.39,67.83,-8.78
ACCEL,23126,-0.35,-9.61,0.75
GPS,23155,0,0,5,0,0,0,0,0,0.00,0.00,0.00,0.00,0.00,0
GYRO,23217,0.06,-0.07,-0.01
MAG,23246,8.26,66.96,-8.29
ACCEL,23277,-0.35,-9.69,0.71
GPS,23306,0,0,5,0,0,0,0,0,0.00,0.00,0.00,0.00,0.00,0
GYRO,23364,0.04,-0.09,-0.01
MAG,23393,7.83,66.96,-8.78
ACCEL,23424,-0.43,-9.69,0.71
GPS,23453,0,0,5,0,0,0,0,0,0.00,0.00,0.00,0.00,0.00,0
GYRO,23511,0.06,-0.08,-0.02
MAG,23540,7.83,67.39,-9.76
ACCEL,23571,-0.20,-9.45,0.67
GPS,23600,0,0,5,0,0,0,0,0,0.00,0.00,0.00,0.00,0.00,0
GYRO,23658,0.08,-0.05,-0.03
MAG,23687,7.83,67.83,-8.78
ACCEL,23722,-0.39,-10.32,0.94
GYRO,23753,0.07,-0.11,0.00
MAG,23781,7.39,68.70,-9.76
ACCEL,23812,-0.67,-5.77,-0.16
GPS,23843,0,0,6,0,0,0,0,0,0.00,0.00,0.00,0.00,0.00,0
GYRO,23900,0.36,0.13,0.20
MAG,23927,9.57,65.65,-4.88
ACCEL,23958,-4.59,-20.01,-3.22
GPS,23990,0,0,6,0,0,0,0,0,0.00,0.00,0.00,0.00,0.00,0
GYRO,24047,0.19,-0.14,0.40
MAG,24075,37.39,66.09,2.93
ACCEL,24106,-2.98,-9.89,1.18
GPS,24136,0,0,6,0,0,0,0,0,0.00,0.00,0.00,0.00,0.00,0
GYRO,24193,0.34,0.16,0.03
MAG,24220,46.09,69.57,10.73
ACCEL,24256,-1.49,-9.65,0.82
GPS,24285,0,0,6,0,0,0,0,0,0.00,0.00,0.00,0.00,0.00,0
GYRO,24342,0.10,-0.06,-0.02
MAG,24372,42.61,74.78,20.98
ACCEL,24404,-1.22,-9.45,1.33
GPS,24433,0,0,6,0,0,0,0,0,0.00,0.00,0.00,0.00,0.00,0
GYRO,24490,0.01,-0.12,-0.08
MAG,24520,42.17,74.78,22.44
ACCEL,24552,-1.02,-9.57,0.98
GPS,24581,0,0,6,0,0,0,0,0,0.00,0.00,0.00,0.00,0.00,0
GYRO,24638,0.08,-0.10,-0.03
MAG,24668,43.91,74.78,21.95
ACCEL,24700,-0.90,-9.57,0.82
GYRO,24730,0.03,-0.06,-0.06
MAG,24759,42.61,75.65,21.46
ACCEL,24795,-1.26,-9.73,1.18
GPS,24824,0,0,7,0,0,0,0,0,0.00,0.00,0.00,0.00,0.00,0
GYRO,24882,0.05,-0.15,-0.05
MAG,24911,41.74,76.09,22.93
ACCEL,24943,-0.86,-9.53,1.26
GPS,24972,0,0,7,0,0,0,0,0,0.00,0.00,0.00,0.00,0.00,0
GYRO,25030,0.06,-0.07,-0.04
MAG,25059,42.17,76.52,22.93
ACCEL,25091,-0.55,-9.38,1.10
GPS,25120,0,0,7,0,0,0,0,0,0.00,0.00,0.00,0.00,0.00,0
GYRO,25178,0.10,-0.12,-0.06
MAG,25207,42.61,77.83,24.88
ACCEL,25239,-0.63,-9.57,1.22
GPS,25269,0,0,7,0,0,0,0,0,0.00,0.00,0.00,0.00,0.00,0
GYRO,25330,0.07,-0.01,0.04
MAG,25358,44.35,79.57,26.83
ACCEL,25390,-0.98,-9.65,1.14
GPS,25420,0,0,7,0,0,0,0,0,0.00,0.00,0.00,0.00,0.00,0
GYRO,25477,0.08,-0.06,0.03
MAG,25505,47.39,80.43,26.83
ACCEL,25537,-0.98,-9.49,1.14
GPS,25567,0,0,7,0,0,0,0,0,0.00,0.00,0.00,0.00,0.00,0
GYRO,25624,0.07,-0.10,-0.01
MAG,25653,47.39,81.74,27.32
ACCEL,25685,-1.57,-9.81,1.37
GYRO,25716,0.09,-0.04,0.08
MAG,25744,48.26,81.30,25.37
ACCEL,25776,-0.67,-9.30,1.10
GPS,25805,0,0,8,0,0,0,0,0,0.00,0.00,0.00,0.00,0.00,0
GYRO,25867,0.07,-0.08,-0.01
MAG,25896,48.26,79.57,23.41
ACCEL,25928,-1.18,-9.81,1.49
GPS,25957,0,0,8,0,0,0,0,0,0.00,0.00,0.00,0.00,0.00,0
GYRO,26015,0.08,-0.07,0.04
MAG,26043,51.30,78.70,19.51
ACCEL,26075,-1.10,-9.65,1.61
GPS,26104,0,0,8,0,0,0,0,0,0.00,0.00,0.00,0.00,0.00,0
GYRO,26162,0.04,-0.06,-0.03
MAG,26191,50.43,78.26,20.00
ACCEL,26223,-1.02,-9.61,1.26
GPS,26252,0,0,8,0,0,0,0,0,0.00,0.00,0.00,0.00,0.00,0
GYRO,26310,0.06,-0.09,0.03
MAG,26338,52.17,78.26,19.02
ACCEL,26370,-0.78,-9.49,1.14
GPS,26402,0,0,8,0,0,0,0,0,0.00,0.00,0.00,0.00,0.00,0
GYRO,26459,0.08,-0.13,-0.01
MAG,26488,53.48,78.70,19.51
ACCEL,26521,-1.18,-9.69,1.33
GPS,26550,0,0,8,0,0,0,0,0,0.00,0.00,0.00,0.00,0.00,0
GYRO,26607,0.14,-0.13,-0.03
MAG,26637,55.22,80.00,19.51
ACCEL,26669,-1.18,-9.73,1.69
GYRO,26699,0.22,-0.09,0.03
MAG,26727,64.35,84.78,21.95
ACCEL,26760,-0.43,-9.18,1.65
GPS,26789,0,0,9,0,0,0,0,0,0.00,0.00,0.00,0.00,0.00,0
GYRO,26846,0.87,0.30,-0.19
MAG,26874,98.70,109.13,43.90
ACCEL,26908,-1.49,-10.04,3.61
GPS,26940,0,0,9,0,0,0,0,0,0.00,0.00,0.00,0.00,0.00,0
GYRO,26998,0.85,0.13,-0.25
MAG,27026,127.83,71.30,44.88
ACCEL,27059,-0.55,-9.73,2.71
GPS,27088,0,0,9,0,0,0,0,0,0.00,0.00,0.00,0.00,0.00,0
GYRO,27146,0.46,0.11,-0.18
MAG,27174,155.22,11.74,-7.32
ACCEL,27207,-0.39,-9.22,3.02
GPS,27237,0,0,9,0,0,0,0,0,0.00,0.00,0.00,0.00,0.00,0
GYRO,27294,0.20,-0.37,0.03
MAG,27322,107.83,24.78,-29.76
ACCEL,27356,-0.71,-8.63,5.06
GPS,27386,0,0,9,0,0,0,0,0,0.00,0.00,0.00,0.00,0.00,0
GYRO,27443,1.20,0.34,-0.30
MAG,27475,73.91,34.35,-34.63
ACCEL,27508,0.12,-8.39,6.12
GPS,27537,0,0,9,0,0,0,0,0,0.00,0.00,0.00,0.00,0.00,0
GYRO,27594,-0.03,0.09,-0.01
MAG,27623,57.83,35.65,-35.12
ACCEL,27656,0.35,-9.14,7.61
GPS,27685,0,0,9,0,0,0,0,0,0.00,0.00,0.00,0.00,0.00,0
GYRO,27742,0.78,-0.13,-0.04
MAG,27771,51.74,37.39,-41.95
ACCEL,27805,-1.88,-2.90,-9.45
GYRO,27836,0.06,-0.06,0.01
MAG,27864,52.17,34.35,-44.39
ACCEL,27897,-0.16,-8.24,6.51
GPS,27926,0,0,10,0,0,0,0,0,0.00,0.00,0.00,0.00,0.00,0
GYRO,27985,0.05,-0.06,-0.01
MAG,28018,52.61,35.22,-45.37
ACCEL,28051,-0.31,-8.28,5.84
GPS,28081,0,0,10,0,0,0,0,0,0.00,0.00,0.00,0.00,0.00,0
GYRO,28139,0.04,-0.07,-0.01
MAG,28168,52.61,34.78,-45.37
ACCEL,28202,-0.16,-8.16,5.81
GPS,28231,0,0,10,0,0,0,0,0,0.00,0.00,0.00,0.00,0.00,0
GYRO,28289,0.04,-0.07,-0.02
MAG,28318,52.61,33.91,-44.88
ACCEL,28352,-0.39,-8.16,5.33
GPS,28381,0,0,10,0,0,0,0,0,0.00,0.00,0.00,0.00,0.00,0
GYRO,28439,0.06,-0.09,-0.02
MAG,28469,56.52,35.65,-46.83
ACCEL,28502,-0.20,-8.20,5.53
GPS,28531,0,0,10,0,0,0,0,0,0.00,0.00,0.00,0.00,0.00,0
GYRO,28593,0.04,-0.06,-0.01
MAG,28623,67.83,23.04,0.00
ACCEL,28654,-0.12,-8.28,5.73
GPS,28683,0,0,10,0,0,0,0,0,0.00,0.00,0.00,0.00,0.00,0
GYRO,28741,0.05,-0.07,0.00
MAG,28770,40.43,55.22,-7.32
ACCEL,28802,-0.20,-8.00,5.73
GYRO,28832,0.04,-0.06,-0.00
MAG,28861,28.70,54.35,-11.22
ACCEL,28895,-0.24,-8.24,5.61
GPS,28924,0,0,11,0,0,0,0,0,0.00,0.00,0.00,0.00,0.00,0
GYRO,28982,0.06,-0.08,-0.02
MAG,29011,24.35,76.09,-15.61
ACCEL,29045,-0.27,-8.20,5.57
GPS,29077,0,0,11,0,0,0,0,0,0.00,0.00,0.00,0.00,0.00,0
GYRO,29135,0.04,-0.06,0.00
MAG,29163,25.65,85.22,-11.71
ACCEL,29196,-0.20,-8.04,5.65
GPS,29226,0,0,11,0,0,0,0,0,0.00,0.00,0.00,0.00,0.00,0
GYRO,29284,0.05,-0.07,-0.02
MAG,29313,18.70,73.48,5.85
ACCEL,29345,-0.31,-8.04,5.77
GPS,29374,0,0,11,0,0,0,0,0,0.00,0.00,0.00,0.00,0.00,0
GYRO,29432,0.05,-0.07,-0.02
MAG,29461,43.48,106.96,26.34
ACCEL,29495,-0.35,-8.04,5.69
GPS,29524,0,0,11,0,0,0,0,0,0.00,0.00,0.00,0.00,0.00,0
GYRO,29582,0.05,-0.07,-0.02
MAG,29615,19.57,98.26,26.83
ACCEL,29648,-0.35,-8.04,5.53
GPS,29677,0,0,11,0,0,0,0,0,0.00,0.00,0.00,0.00,0.00,0
GYRO,29735,0.07,-0.07,-0.03
MAG,29765,31.30,92.61,23.41
ACCEL,29797,0.55,-9.38,10.20
GYRO,29827,0.11,-0.11,0.15
MAG,29855,37.83,101.74,16.59
ACCEL,29889,-1.88,-8.47,16.16
GPS,29919,0,0,12,0,0,0,0,0,0.00,0.00,0.00,0.00,0.00,0
GYRO,29977,0.01,-0.37,0.12
MAG,30005,40.00,127.83,24.88
ACCEL,30039,-0.59,-7.92,7.61
GPS,30068,0,0,12,0,0,0,0,0,0.00,0.00,0.00,0.00,0.00,0
GYRO,30126,0.07,-0.07,-0.14
MAG,30